1 09 30 10 0 1 1 0 
1 10 0 10 30 1 1 0 
1 12 30 13 0 0 0 1 
1 12 0 12 30 0 0 1 
2 08 30 09 0 1 1 0 
2 11 0 11 30 0 1 0 
3 08 0 08 30 0 1 0 
3 12 0 12 30 0 1 0 
1 08 0 08 30 0 1 0 
1 9 30 10 0 1 0 1 
1 10 30 11 0 1 1 1 
1 11 0 11 30 1 1 1 
1 12 0 12 30 0 1 1 
2 07 30 08 0 1 1 0 
2 08 30 09 0 1 1 1 
2 09 30 10 0 1 1 0 
2 09 0 09 30 0 1 1 
2 10 30 11 0 0 1 1 
2 10 0 10 30 1 1 0 
2 11 30 12 0 1 0 1 
2 11 0 11 30 0 1 1 
2 12 0 12 30 1 0 1 
2 12 30 13 0 1 0 1 
2 13 0 13 30 1 1 0 
3 07 30 08 0 0 1 1 
3 08 0 08 30 0 0 1 
3 09 30 10 0 1 1 0 
3 09 0 09 30 0 1 1 
3 10 0 10 30 1 1 0 
3 10 30 11 0 0 1 1 
3 11 0 11 30 0 1 1 
3 11 30 12 0 0 1 1 
3 12 30 13 0 1 0 1 
